442.24
203.48
442.66
212.65
447.12
204.23
444.88
245.75
237.58
305.78
218.59
189.47
271.24
427.08
275.65
430.88
427.37
371.51
423.09
415.43
334.35
195.97
231.72
270.83
433.65
249.23
241.55
281.88
225.59
416.82
312.57
321.46
316.76
230.21
282.28
288.30
334.34
200.04
415.92
331.94
199.71
246.83
293.09
379.04
184.66
200.28
435.94
230.14
381.28
303.77
416.83
398.54
222.76
421.76
393.21
341.36
427.76
312.97
191.44
430.75
189.06
285.91
291.46
231.28
428.33
383.92
310.50
424.69
438.59
432.95
300.93
378.12
191.02
440.03
284.46
411.47
200.42
331.28
324.50
272.61
290.89
281.02
279.73
203.80
382.21
430.08
225.80
298.47
231.92
295.37
243.02
300.15
409.10
224.57
322.73
382.76
343.04
256.11
386.27
325.66
1050.79
1435.86
1126.92
1562.04
1345.08
987.33
1189.22
1454.81
1090.93
1285.71
1066.52
1181.52
1444.86
1464.23
1479.26
1055.98
990.85
1060.88
1316.80
1077.03
1538.11
1486.71
1155.16
1323.62
1088.74
1497.49
969.07
1087.49
988.47
930.68
1336.78
1206.04
1237.38
982.23
1327.11
898.03
1239.01
1405.88
1230.73
1129.55
1072.69
1224.48
1290.59
876.91
1239.02
1403.49
1511.90
1465.19
1037.06
1334.50
998.17
1451.37
1246.49
1422.03
897.57
1183.71
1344.85
1291.89
916.20
1059.49
1357.47
808.70
1286.59
1162.48
1378.83
1395.65
954.95
1009.26
1541.17
642.11
870.68
1115.32
1125.79
1077.58
1121.92
1402.26
1466.16
1062.70
894.62
1092.84
1444.37
1213.73
1204.17
1550.78
1255.15
1188.58
1108.34
1038.53
1153.54
1421.74
1414.73
1342.32
1189.89
898.27
823.27
1295.04
1200.32
776.11
787.86
1157.38
1856.49
1336.41
1615.55
1266.05
1234.59
1785.61
1329.35
1109.26
1168.54
1629.33
1498.88
1472.50
1487.68
1305.45
1777.71
1483.69
1213.70
1392.59
1637.65
1560.11
1082.91
1477.60
1871.16
1554.54
1663.64
1392.91
1456.14
1657.10
1317.86
1442.36
910.35
1552.95
1265.24
1233.78
1188.59
1803.52
1190.39
1612.94
1599.93
1307.27
1354.68
1244.47
1056.82
1577.59
1300.73
1680.37
1695.66
1858.93
1480.00
1684.93
1383.56
1197.24
1688.06
1338.82
1806.03
1313.43
1397.17
1095.96
1551.92
1402.41
1138.19
1509.64
1676.67
1296.31
1422.42
1470.81
1645.80
1421.71
1519.46
1788.06
1602.43
1623.12
1531.75
1176.57
1012.22
1261.45
1661.89
1469.73
1570.94
1140.20
1786.35
1335.60
1546.00
1841.21
1578.23
1687.59
1840.21
1339.31
1740.88
1219.12
1716.55
1707.54
1781.01
1845.97
1212.85
1180.75
1289.85
1931.65
1649.55
1579.21
1529.52
1148.92
1251.31
1060.71
1214.82
952.29
1032.77
1336.52
1322.41
1605.10
1137.51
1225.58
1215.86
1179.90
1169.42
1030.62
1244.74
894.75
1130.90
1068.89
1519.90
942.08
1024.41
1339.39
1381.01
1141.87
1383.34
1553.91
1098.33
1160.63
633.52
724.58
854.78
1727.30
1322.98
955.09
995.71
662.79
1174.77
1270.22
750.73
914.46
1308.40
1516.81
1080.83
1179.30
1345.83
669.34
1065.99
1318.11
1667.51
1267.37
872.34
1314.80
879.17
901.47
1268.58
1379.10
813.00
860.47
964.93
1123.72
1674.11
1344.90
652.71
1517.05
1466.07
1051.51
846.24
1155.49
1291.54
1103.90
1386.57
1290.23
1358.82
1333.14
1269.13
835.84
975.05
1467.13
947.10
1201.81
1240.25
809.74
1370.37
1039.89
1722.44
581.32
1093.11
1386.47
902.98
1189.22
984.66
1230.68
1681.57
1358.64
1351.46
1113.05
1344.37
1579.45
1286.94
916.04
1220.53
1363.11
1028.21
859.95
1239.59
1183.93
813.57
1401.13
901.41
1199.07
1052.32
1096.46
1128.92
984.27
1432.96
612.27
1467.41
566.68
1267.17
853.06
1020.94
975.67
1142.56
1180.11
1400.21
1058.05
632.81
1468.79
680.37
949.39
1295.33
1200.81
957.25
1545.27
949.28
1124.75
882.43
1147.49
1226.95
1149.59
879.35
875.76
912.41
1335.36
615.93
1185.99
1394.27
807.10
534.52
585.29
671.63
896.39
1170.23
912.89
1118.21
952.54
777.04
889.05
1155.16
1104.35
1016.37
979.07
1354.55
815.83
1186.97
1153.45
1195.08
655.95
860.33
1048.78
1227.44
1087.57
1001.49
1175.66
1135.25
1311.69
1227.75
761.60
886.55
964.30
596.92
674.36
1121.58
906.49
1352.93
1076.08
875.24
1364.54
791.88
626.63
793.51
1019.14
752.02
655.09
1124.62
1013.34
1146.38
979.17
1089.72
1060.91
817.38
552.51
1101.23
551.55
1151.52
817.66
1058.51
705.62
1017.75
839.34
864.32
761.30
604.27
1030.35
901.12
1308.13
1031.92
787.39
1237.42
1071.32
1281.15
761.70
849.59
762.25
790.63
913.89
1232.77
725.36
885.59
1136.12
932.18
861.37
602.93
917.08
1356.39
661.60
1224.89
796.49
948.72
1084.53
986.16
445.06
783.49
752.33
1242.18
1265.48
758.45
1129.69
1286.28
1286.15
1373.91
1427.01
1067.82
804.13
1008.72
1198.89
1277.97
1373.88
1139.25
988.35
1234.72
1091.72
1199.94
982.15
1055.50
966.19
1224.15
1406.37
974.41
910.76
1204.84
1478.44
1397.64
979.82
1215.31
999.97
1365.70
924.68
941.85
1286.50
976.86
978.74
1097.93
1252.91
1402.65
1255.24
1197.61
1367.07
1254.95
1238.33
1308.39
1346.54
1009.39
1405.25
1042.04
1353.02
1116.87
971.03
1412.47
1142.12
1330.37
893.55
941.91
1196.06
1190.43
886.05
1088.21
1251.32
1268.98
1311.26
969.57
1246.28
1170.68
1245.14
1186.67
918.04
1481.03
1018.45
1471.37
760.09
787.39
835.01
1121.24
1116.04
1413.78
1123.69
1474.60
1153.99
1124.29
1107.27
1037.84
1425.03
1207.43
1096.80
1328.92
913.45
952.56
1405.48
786.55
1356.04
1125.88
1258.22
1280.46
1223.90
1010.08
1353.49
978.98
1142.75
1630.30
1774.81
1767.18
1663.47
1796.41
1847.02
1716.51
1918.67
1793.74
1879.76
1807.14
1883.09
1662.27
1919.99
1807.76
1783.64
1747.99
1718.62
1722.26
1713.80
1671.41
1679.71
1750.27
1861.55
1712.53
1836.61
1760.37
1750.52
1705.09
1843.28
1782.43
1689.64
1884.78
1908.38
1810.96
1785.14
1720.18
1805.15
1886.95
1708.28
1677.53
1801.04
1890.21
1662.30
1692.50
1844.06
1814.43
1784.35
1827.63
1785.76
1744.95
1747.84
1741.49
1826.86
1828.75
1640.06
1854.53
1694.89
1777.48
1737.20
1825.11
1829.46
1766.50
1715.61
1868.35
1691.49
1904.17
1778.15
1866.84
1725.78
1804.86
1770.08
1825.22
1912.85
1811.68
1768.02
1773.87
1815.90
1795.42
1766.26
1793.59
1702.05
1700.12
1872.89
1644.36
1636.06
1752.17
1711.37
1755.75
1822.80
1741.31
1839.63
1805.29
1682.47
1746.62
1721.41
1779.15
1783.79
1706.13
1703.88
983.84
822.47
970.70
1539.16
1322.61
892.16
1402.89
1470.70
836.09
1395.18
1828.91
1480.54
1673.11
1351.80
1448.07
1780.73
1459.48
1835.22
1534.60
1617.06
1156.69
1859.63
1563.73
1601.89
1561.02
1447.72
1337.76
1117.01
1702.11
1546.50
1426.95
1104.39
1699.72
914.15
1532.59
1877.86
881.50
1571.36
1246.88
616.66
1837.77
1721.50
1381.51
871.40
1170.46
1507.00
1992.35
852.62
1195.97
785.89
814.39
1429.50
1406.03
1803.05
1195.92
1261.29
1498.49
1808.27
460.74
2034.20
1461.38
1254.32
756.66
292.20
1490.56
808.42
1410.32
1938.80
973.99
1044.94
1588.26
1121.78
1328.86
651.25
1239.20
1452.77
1543.77
1593.33
913.60
1249.05
1213.01
1164.84
992.58
1722.32
746.03
1664.14
1481.48
1223.00
1142.86
1513.55
1826.23
1120.53
1484.89
1298.29
1402.08
1444.05
1859.33
1091.94
958.66
1269.17
1562.69
1716.18
1342.07
1468.81
1955.12
1589.44
1895.42
1731.46
1112.48
1511.75
1358.46
1013.90
1058.98
1334.87
1339.35
1440.94
1592.86
1282.20
1478.39
1645.26
1082.78
1568.89
1677.70
1441.83
697.24
1797.58
1132.93
1636.30
1412.19
1639.37
695.07
1419.98
1189.02
913.27
834.57
563.48
1232.45
975.26
1395.54
1059.26
970.96
1217.27
925.76
1627.60
1354.95
1910.03
1802.40
1298.99
1035.19
1397.42
1579.69
1534.68
1769.00
1802.32
1594.26
827.50
1551.27
931.26
1483.64
1696.57
1622.46
818.94
774.64
982.95
1204.77
1355.40
1074.75
1544.43
1527.74
1782.15
1760.73
1712.65
1277.01
1845.41
524.33
1259.57
1562.20
2057.48
1695.55
1748.13
1271.01
1896.21
1750.05
1155.36
1346.66
1332.53
682.45
707.71
1024.60
1551.33
1941.94
1716.37
1417.44
1422.42
1217.76
1567.80
1693.35
1575.24
1006.51
1526.74
1431.86
1182.32
1596.24
1541.99
1240.60
1498.79
1287.15
1551.38
1312.39
1943.42
1398.61
1596.05
1658.00
1383.15
1459.21
1888.98
1403.82
1917.71
1553.50
1321.06
1204.09
1967.74
1890.88
1833.48
735.21
1475.62
1188.53
839.78
1293.69
1652.17
1071.09
1344.42
1438.61
1704.58
1743.63
1450.24
1698.75
1781.24
1984.84
1527.57
1366.84
1493.04
1615.65
1439.21
1952.41
1613.47
1156.25
1786.61
1796.06
1935.78
837.87
1014.44
1867.70
991.05
1447.92
2060.50
1415.18
1947.91
1242.91
1964.19
1233.83
1559.83
1146.19
1392.13
1499.73
1579.65
1262.18
1444.99
1115.31
1747.73
1485.58
1007.17
1188.66
1835.22
858.00
1367.65
1460.34
1912.49
1453.97
1235.03
1075.48
1276.38
943.13
1308.75
1051.52
1248.56
1706.84
1204.74
1338.85
1685.67
1228.11
1158.62
1572.23
1374.55
1283.74
1504.94
931.58
1425.11
1367.07
1747.72
975.36
1489.26
1058.71
2002.84
1231.77
1499.74
1714.47
1780.58
1201.51
1534.58
1335.56
1241.62
1071.04
1675.28
1353.61
1168.46
1359.09
1281.85
1304.73
1512.86
571.96
1304.05
1025.49
1487.02
860.77
1450.25
1279.38
1354.81
1578.93
1210.77
712.17
1227.50
1619.31
1224.50
1526.16
818.41
1365.80
1711.43
1258.54
1116.96
1865.92
1253.11
1129.99
1599.46
1007.79
830.19
530.81
1055.49
1606.95
1601.96
1266.60
1251.97
1585.76
1379.15
1546.09
1501.63
1606.07
1250.35
1187.16
1567.83
1657.79
1394.80
1864.55
1574.82
1285.70
1609.12
1704.40
1152.07
1402.50
1580.94
1385.22
1497.43
1918.21
998.89
1725.13
1376.80
1935.34
1750.24
1589.84
1598.89
1347.64
1911.99
1380.29
1299.44
1048.97
1107.95
1351.90
1359.36
1552.95
1779.71
1426.99
1313.64
1168.71
1253.75
1464.64
1403.18
1653.09
1293.64
1496.83
724.12
1679.58
1582.28
461.72
1995.46
1128.18
1667.99
1483.64
1754.26
1633.26
1105.03
1038.24
1382.61
1109.06
1306.75
1638.52
1743.23
721.36
1332.87
1579.64
1530.51
1163.72
1423.91
1419.99
1529.10
1217.56
1563.84
1546.16
1439.94
1635.76
1763.49
789.86
1339.53
990.52
1468.70
1775.42
1511.54
1122.25
1381.12
1424.66
1176.10
1287.92
1038.88
1279.57
1568.27
1214.32
1960.31
1509.23
860.88
1330.19
1155.80
1680.42
1371.97
1390.24
1552.00
957.40
920.49
1530.83
1200.04
1874.35
1360.25
1792.70
758.43
1705.14
741.98
1710.32
1280.01
639.27
1031.53
1761.99
750.35
1328.86
1506.33
1386.12
1428.16
1245.32
1843.15
1150.75
1647.37
910.72
1518.21
1214.55
1349.53
1435.68
1564.34
1552.15
744.66
1069.94
970.00
1016.76
1294.06
888.37
1465.31
972.63
1283.62
1376.19
1170.95
1748.53
1906.48
1917.75
1334.68
1833.22
1571.18
1285.50
882.76
1043.74
1295.43
1535.90
1392.79
1669.30
1780.30
1541.96
842.45
1576.63
1265.87
1436.67
1710.84
1700.32
1429.33
1686.38
1122.90
1588.50
1115.87
1249.23
1569.38
1241.06
1318.72
1769.65
1137.62
1471.82
1216.04
1139.57
1318.94
1193.07
1088.94
1662.38
1321.50
1821.50
727.66
640.89
1207.90
1262.57
1906.81
1664.46
1739.37
1247.46
1574.87
1712.56
1449.78
1256.04
1109.47
1723.54
1126.62
1399.82
1269.89
1267.11
1675.68
1928.72
1786.73
1098.90
904.43
1054.56
1165.67
1233.06
1130.43
1606.80
1531.22
1023.75
1600.72
1667.02
904.85
1275.12
1026.14
917.67
1194.48
861.03
1253.39
1146.83
1458.91
1094.45
1094.51
1498.83
1288.27
1460.93
1399.37
1239.77
1184.67
1468.53
916.93
1597.53
1020.49
821.92
1270.84
1122.66
1292.63
1200.93
1211.58
1403.55
1532.59
1169.00
1577.09
1154.25
1431.83
835.58
1466.90
2050.00
1829.87
1677.53
1295.96
758.70
1369.66
1536.75
924.03
1226.09
1442.35
1710.12
1510.62
1188.84
485.99
1324.65
1873.95
1478.93
1951.75
1394.43
1485.49
1649.55
1237.02
1363.08
967.46
1894.05
642.07
1375.90
1183.52
1134.40
1300.39
1736.35
1180.10
1647.32
1153.78
861.12
858.52
1314.83
1912.95
1529.09
1600.24
1926.49
1569.54
1416.84
1476.14
1412.27
1502.94
1241.76
1498.21
1553.27
1809.85
1046.12
860.25
1679.26
973.80
1428.69
597.58
1282.34
1112.35
1201.68
1502.91
1156.18
1548.52
1531.99
1357.44
1423.81
1654.50
1533.96
1170.15
1525.64
1761.48
1154.42
1233.11
1370.66
1235.32
868.34
1560.16
1499.63
1283.74
1128.63
1340.53
1315.18
1078.80
1483.77
1351.29
1455.53
1554.62
1045.93
1660.43
1388.16
1869.06
1060.29
1745.62
1579.24
2091.40
1302.63
1227.60
1743.16
1466.43
1059.47
1022.78
1388.42
1899.63
1224.83
1431.18
1264.18
610.82
1738.17
1291.09
556.56
1518.82
1879.36
1110.47
1109.19
1263.05
1384.47
853.10
1497.25
1437.18
1265.29
1184.23
1318.16
1141.34
1292.44
1496.85
1598.89
801.66
1937.19
1591.89
1113.74
1236.76
1490.54
1476.97
1528.73
999.80
1423.70
752.53
1643.91
1061.95
1021.75
1106.71
1716.58
1247.14
1634.50
1426.49
1392.51
896.66
1203.39
1480.60
1018.27
1760.99
1406.36
1691.02
886.74
932.17
1459.32
1286.59
1831.51
1418.20
1946.50
1595.19
1109.06
1457.67
865.68
1200.22
1874.12
1518.62
862.35
992.25
999.27
1158.27
1226.55
1303.81
1441.65
1074.94
1735.61
968.32
1137.88
812.71
1551.25
1125.34
1153.99
1199.77
2049.22
1250.04
359.57
1485.36
765.95
977.02
1320.38
885.19
1230.32
1767.73
1351.54
1689.81
1084.88
551.29
1189.43
1364.68
1560.57
1331.95
727.56
1516.81
497.28
649.62
1629.18
1625.47
796.97
886.24
1161.87
1059.42
1494.24
1279.07
1786.24
589.35
1151.91
1093.43
1584.93
1504.32
1538.74
1370.59
1601.98
1766.85
1297.63
1748.16
936.90
1208.81
1065.47
1581.53
1517.35
1160.34
1302.16
1428.51
1503.86
1702.69
1566.67
1293.78
1189.47
1161.90
1223.75
1355.69
1150.49
1590.86
1395.92
1559.93
1529.68
2015.85
1694.65
1804.57
642.30
1171.44
1408.04
2001.68
1477.23
1161.64
1442.39
1120.82
1796.67
1419.81
1816.06
1544.71
1607.22
1246.91
2058.56
1767.40
838.71
1305.94
1201.00
1180.48
1579.58
933.13
1482.59
1639.57
1451.52
1740.76
1126.04
973.32
1351.67
1587.41
1096.52
1452.43
1550.02
1292.48
701.85
1099.33
1471.05
1324.57
1571.07
1225.93
1813.45
1341.11
915.68
1013.41
1312.21
1514.23
1382.81
1190.77
1635.06
1437.93
1796.52
2016.95
1609.15
1585.36
618.11
1376.72
652.46
1030.74
1614.34
1587.10
842.12
1728.36
1759.38
1781.11
1730.38
1131.76
1241.11
1379.88
1068.54
1482.12
1043.63
480.03
1264.92
863.95
1149.89
1168.42
1235.27
896.77
919.15
1573.80
1385.69
811.29
1419.66
1695.07
1127.10
1393.19
1476.44
1543.49
1757.06
638.08
1123.49
1533.57
1145.21
1391.54
565.34
1060.48
1687.66
1046.88
964.77
1071.01
1812.30
1068.28
1801.38
1067.11
976.69
1417.36
1558.61
885.74
1365.39
686.19
1165.62
1714.40
1910.57
867.57
1398.33
953.76
1334.81
1324.88
1234.81
1354.06
1005.79
1280.93
1216.32
1238.84
788.39
1386.32
1652.13
1507.80
1199.12
1868.16
1712.82
1346.29
1213.54
1162.73
1614.37
1236.30
1596.51
1393.61
1650.20
1346.26
1498.28
1220.72
1651.73
1513.03
1752.22
1271.82
1272.32
1330.74
1029.56
1364.04
1869.57
900.65
1458.41
1392.33
1116.96
1244.72
1582.28
1701.30
1303.52
1237.71
1447.89
1287.63
1879.21
1427.74
1972.64
760.12
1190.42
1519.34
1481.63
1502.18
1708.30
1740.71
1283.91
1069.68
1031.61
1794.72
1768.97
744.66
1879.84
883.85
1078.08
1360.63
1154.65
1377.36
716.20
1904.64
1531.93
1748.62
1774.12
1431.71
1683.26
1495.18
1781.01
1537.17
929.53
1171.54
993.05
1485.00
1039.70
1513.11
1588.74
1204.85
1824.27
1255.59
1508.06
1257.48
1267.35
1474.07
1558.64
1597.96
910.17
1127.27
1166.67
1531.14
1694.86
1753.92
840.48
1695.50
1301.45
1345.00
1537.93
1642.04
1543.83
1776.81
1083.17
1333.68
1020.27
1734.24
1290.38
1621.58
854.32
1450.98
1174.21
1031.43
750.60
1262.95
551.42
1267.06
1278.93
1449.21
934.64
941.35
685.68
1478.72
687.12
943.53
1310.07
1656.39
1356.73
1341.01
1376.18
1670.06
1526.61
1468.59
1569.28
1218.51
1520.94
1309.62
1412.38
985.55
1159.17
1306.73
1382.21
867.13
1520.39
1721.00
1715.18
1134.02
1598.42
1152.29
1329.23
1957.69
1126.05
1359.94
1841.10
1020.26
1376.73
1239.04
1630.57
1190.66
1187.25
1898.63
1659.26
1929.68
710.47
1389.48
1821.50
1615.71
1764.74
1271.28
1684.49
1595.42
1220.19
1767.92
1083.32
1372.80
1483.99
1353.45
1549.64
1369.63
1260.60
803.95
1440.21
1351.38
1016.94
1016.17
1135.72
1219.78
1443.31
796.71
728.38
1153.10
1727.17
1624.76
866.56
2065.74
1871.45
1804.52
1395.36
1524.71
1127.33
348.38
1314.71
1631.05
914.53
1643.57
955.01
1326.91
1802.83
1166.96
1221.08
1264.52
1453.76
1351.40
775.79
1467.49
1074.35
1575.52
1617.26
1475.84
844.50
1255.20
1574.52
287.29
879.39
1725.40
1297.06
1103.44
1187.11
1815.54
909.05
1006.31
1724.28
1407.23
1545.03
1694.92
1959.70
1051.98
1585.95
1281.54
1847.29
1528.98
1390.87
1430.69
1815.85
942.54
1416.06
1115.23
1573.97
1485.17
929.90
1387.80
1567.26
1165.63
1005.74
1313.11
1860.28
1558.29
1077.77
1417.74
1463.81
1634.24
1818.45
1720.38
676.62
378.57
1081.11
1688.88
1422.69
1622.27
1451.69
1482.08
1854.55
1773.24
1500.17
910.85
1698.93
1688.06
956.97
1370.73
1656.38
1170.28
1822.97
736.57
1317.34
1492.52
1207.95
1643.04
1526.21
1632.62
1300.19
1578.42
574.26
1650.40
1315.27
1166.04
801.14
967.72
1443.26
1381.55
1356.26
1087.66
1480.49
1290.19
1200.44
1719.40
1441.14
1318.98
937.06
1149.73
1832.52
1779.65
1385.14
794.31
1073.95
928.22
1124.49
1338.17
1116.93
1500.67
1206.56
1015.35
1544.03
1696.87
1196.80
548.69
1829.36
1503.57
723.77
1962.82
1609.53
1812.38
1855.39
1096.77
1202.26
877.05
1529.42
1747.60
1143.34
1343.30
1287.34
654.37
1167.49
988.59
1619.75
1498.08
1806.71
1198.85
1247.29
1366.50
1448.75
1624.53
971.21
1645.58
1326.26
1143.01
757.60
1554.89
1550.64
1589.82
1441.42
975.21
1446.91
1041.21
1480.27
1565.29
1525.25
1400.34
855.07
966.62
1064.87
1265.20
1356.55
1506.87
1623.21
1065.22
1502.64
1266.03
1468.47
1220.88
1524.91
1745.58
1243.48
1587.07
1180.06
1737.21
1335.37
1113.03
1344.95
1914.79
1578.03
1002.38
1425.60
1535.20
1799.56
1343.12
1659.51
1346.41
1198.96
1456.98
1152.79
1816.27
1123.80
1326.43
1138.02
1577.86
1613.55
726.12
1214.69
1608.22
1919.81
1173.56
1361.86
880.80
1245.71
1866.98
1305.40
1662.79
1353.48
1106.49
1214.47
1083.60
641.98
1374.00
1197.25
441.48
1213.19
1620.55
1873.69
1674.94
1447.80
1930.62
938.48
1609.18
1663.15
1683.12
1319.65
681.40
1323.63
1458.99
1242.33
1589.19
1490.92
1259.23
1068.95
707.39
1744.35
843.52
1588.86
1079.10
1183.51
1353.71
1615.90
1129.96
1210.13
1570.42
1135.48
1980.37
1269.22
947.95
1325.53
1104.07
1735.42
1960.66
1117.37
1549.62
1847.84
1750.32
1121.20
690.41
1206.79
1566.14
1450.21
889.72
1759.86
1622.20
1388.30
1335.70
1129.75
836.54
1584.82
845.14
318.25
1131.47
1768.22
1693.70
1253.19
1948.49
1554.93
1768.12
1464.90
1130.74
1422.40
1409.76
1120.63
676.76
1543.09
1353.38
1364.18
1738.83
1205.93
1634.76
1471.08
1377.71
1477.60
881.45
1934.01
1247.27
1426.48
2054.09
888.76
1571.82
309.39
1950.94
748.16
1400.32
1453.70
1023.24
1440.27
1955.93
1544.24
1051.53
871.94
1442.58
1656.15
1530.46
1241.03
1848.42
1146.02
1710.21
1595.02
1135.96
403.95
1523.64
622.62
383.19
1415.90
1216.31
1789.94
1659.63
1425.82
1865.36
1559.34
1179.21
870.95
1310.56
1180.61
1279.55
1025.24
1578.44
1174.95
1477.45
1629.47
1511.06
1658.79
1130.42
1361.35
1450.27
1453.82
1097.98
777.72
1281.03
1057.31
1163.43
1215.04
1659.03
1537.90
1649.47
1073.90
1626.48
1048.94
1857.46
1711.65
1610.55
1219.53
1397.15
965.04
1848.33
1368.38
1022.28
1368.73
1043.58
1051.25
773.64
1033.78
588.51
1917.19
1585.47
1521.85
1507.34
1253.22
866.91
1557.00
1294.54
1188.28
715.05
1576.87
1468.92
756.92
1244.66
1012.78
1113.03
1333.13
1780.26
1296.44
805.32
1074.80
1981.81
1231.33
1576.68
1637.07
780.28
1528.59
1642.34
1138.35
1052.18
1257.82
1769.29
1438.48
1418.05
1186.43
1659.52
1741.06
1695.47
1099.76
1669.88
1720.11
1478.38
1755.61
1506.24
1126.28
1659.39
1489.63
1250.20
1489.16
1496.51
1311.72
857.38
755.69
1014.55
1049.49
412.73
1515.48
1618.02
1666.33
1300.50
1467.55
1741.80
1865.57
1643.39
1374.69
1306.48
961.35
1877.89
1688.32
1341.86
1697.29
1086.18
1420.77
1812.61
1395.10
1109.91
943.31
791.02
1686.25
1351.36
1311.04
1286.36
1218.59
1281.89
1927.44
1232.40
1631.48
1259.16
963.74
1786.71
1360.77
1217.39
1189.02
1197.52
1323.15
1253.18
1155.51
1303.56
1469.36
1345.39
1750.77
1178.55
1147.34
1167.68
1527.28
1355.75
1700.49
1208.85
1121.38
957.92
1011.56
1761.76
970.44
1813.81
1069.13
1569.04
870.19
1575.82
1102.56
846.91
468.16
1347.11
1752.79
866.59
1436.56
1904.07
1921.51
1419.84
1882.09
1351.37
1212.46
1650.11
1401.08
1914.32
1318.26
756.90
1889.58
1477.15
1475.02
1672.76
2032.26
961.22
1540.21
1394.85
1300.12
1187.49
1395.93
1456.32
1556.54
1306.72
2019.40
1038.58
1342.88
1554.57
1472.46
1454.82
1933.48
1127.32
1301.33
1275.20
1539.72
1881.61
936.76
1420.87
799.69
2080.71
1575.55
1049.67
1803.22
1451.98
1260.42
1657.27
1097.38
1075.18
1583.93
646.90
2024.39
1775.92
1978.69
1579.00
1580.24
1528.70
1402.86
1603.86
560.38
1591.78
1279.78
1077.44
1692.90
1346.65
1420.80
1623.22
1549.42
1499.79
1153.15
1369.29
1522.31
1755.68
1062.12
1270.18
1314.79
1377.50
760.26
1105.39
889.49
1594.22
981.69
1352.90
1200.81
1556.58
1706.69
1776.32
825.16
1840.80
1410.60
1235.46
1527.57
1564.22
952.98
791.67
1269.59
1618.07
1380.83
1771.22
1917.49
918.26
768.47
1798.37
1106.05
1628.77
1029.61
1950.74
1201.11
1656.37
1464.39
1119.82
1345.79
1567.24
1974.66
1452.95
1814.09
1260.57
1569.80
1555.56
1494.15
1681.91
1624.99
1225.18
731.36
1972.43
1163.18
1062.65
1563.97
1333.21
1258.28
1208.95
1391.49
1423.02
1240.85
1370.33
1757.38
1438.38
1304.40
1369.05
769.36
1273.28
1239.51
1965.78
1899.50
849.19
707.98
1362.32
1910.99
745.12
1847.48
927.25
1208.18
1242.41
1018.44
1918.97
718.81
913.38
1630.95
1737.18
1385.78
1029.51
970.40
1433.91
1274.79
1904.06
905.88
1538.61
1608.00
1083.70
1495.12
1428.57
1447.59
1645.07
648.74
1487.02
1438.42
1749.53
604.21
930.68
1914.14
1777.51
1481.10
920.61
1096.25
1681.04
1380.26
1456.55
1547.88
1706.77
1268.38
1686.33
1492.61
1544.99
1105.27
1119.57
952.76
1435.96
1782.17
1563.28
1702.11
1949.52
1953.64
1555.42
1694.41
1043.11
1186.14
1420.03
970.54
1410.48
1440.18
1732.16
1147.92
1702.99
1401.94
1404.92
1594.59
1362.71
1684.88
747.71
959.35
720.55
426.47
1122.38
1937.17
1645.88
1866.68
1534.36
1211.62
1301.19
556.44
1150.18
1447.42
1545.98
1516.00
1029.57
1059.69
1279.64
1122.81
1492.46
1283.00
1033.20
1617.60
1579.03
1770.50
1118.69
326.98
744.78
958.74
1680.35
1486.51
1569.98
1245.25
1381.98
1255.88
1740.96
1947.65
1397.73
1783.33
1527.28
1403.93
1186.50
1245.93
1548.71
386.71
1882.10
1496.17
1358.23
1378.77
1225.28
1611.51
821.75
1545.41
1465.26
1162.19
887.23
1728.70
1614.08
1298.26
993.34
1325.26
1641.75
679.22
1385.77
1780.63
1233.69
1413.77
1744.31
1597.56
1131.28
1821.36
1401.11
1046.17
378.12
1793.51
1277.69
1194.21
1981.97
1634.70
1272.60
1327.38
1737.60
1183.20
1122.33
1573.81
1149.55
843.50
1346.32
1281.83
728.91
1500.06
571.20
1486.86
853.22
1636.94
1717.62
1698.30
1362.40
1374.19
698.79
919.33
1599.94
1812.87
1408.10
1390.20
1645.45
1186.09
1502.01
1497.26
1331.01
1292.53
500.13
1866.13
1404.92
1145.12
892.13
775.74
1926.78
1392.04
938.46
1831.85
1503.64
1376.29
1348.54
1107.76
1164.35
1707.78
1532.84
1238.57
1643.32
814.21
1769.62
1399.07
1690.17
1286.67
1214.18
1438.69
1396.45
885.23
1171.14
1836.98
665.85
1651.92
1678.67
1579.88
1436.36
980.43
1460.01
1166.88
2005.05
1067.10
1514.20
1572.31
1590.56
1832.04
853.72
657.79
1562.73
1446.28
755.02
1055.33
1392.68
1528.45
1352.75
1814.03
1366.20
1092.67
1127.24
1059.90
1159.89
1717.75
1289.78
1050.56
1885.28
891.55
1375.99
2055.04
1651.54
1341.01
1342.75
1536.73
1076.22
748.70
1411.55
1861.71
1703.30
1642.71
1873.71
1618.14
1587.48
1163.51
1170.65
1170.46
1572.02
1205.90
1627.11
966.72
1215.94
1590.34
1023.08
1931.91
1299.03
1950.07
1846.72
1145.61
874.50
1427.47
1740.47
1666.10
1512.36
1171.02
1803.77
1755.95
1575.19
1129.50
1640.93
1959.92
626.20
911.17
955.12
1177.20
1538.03
1395.82
1825.98
1026.74
1223.97
1450.11
1040.41
1297.16
1363.01
1523.76
993.59
1549.14
1668.15
971.63
1156.95
1945.82
1218.72
1367.41
1194.98
1415.62
1673.03
1243.76
1375.08
613.56
1057.87
1430.14
1100.01
1349.92
1643.51
1353.63
1912.42
1812.20
1472.96
1322.80
1428.03
1343.71
1794.04
1539.90
1631.84
1873.73
2071.22
1528.58
1413.52
1406.14
1110.14
1858.33
1370.92
1125.17
1833.75
1714.25
1540.63
1189.36
1317.50
1969.30
1503.66
1467.20
1548.44
1739.92
1059.74
1629.51
694.17
1159.19
1426.24
1182.82
1335.66
1479.23
1713.98
1850.23
1635.42
1161.48
1167.10
1456.86
2067.44
1623.18
1151.69
1294.96
1502.77
1164.30
1602.70
1390.29
1434.51
1177.33
1477.96
1851.13
1587.23
1768.36
1415.41
996.82
1555.89
1336.40
1737.25
1328.28
1760.54
853.10
1038.65
1043.56
1536.82
1209.77
1256.74
1200.89
1436.82
1363.99
1614.51
1962.81
1768.63
539.22
1249.00
1016.95
1320.74
1850.83
1263.15
1403.95
1612.62
959.26
1095.67
1917.46
1889.84
1542.82
1508.26
613.35
1077.13
1399.41
1365.23
1372.41
1490.33
1635.70
1419.80
1475.62
1404.83
846.10
1521.58
1731.78
1837.98
1795.37
1809.30
1440.93
1234.04
1141.54
1624.74
1015.33
1393.24
1443.84
1275.51
1093.01
1722.03
1732.79
1301.45
1516.14
1070.33
1338.78
1714.12
1036.97
1826.97
1790.98
1351.92
1308.05
1545.75
1237.65
1400.65
1581.91
1338.33
1268.79
1138.35
1258.96
1149.94
1546.58
945.68
1796.76
1107.22
1080.01
1611.13
503.59
971.41
1095.11
1453.45
1085.11
801.23
954.56
491.63
1117.91
1542.64
748.88
1357.41
1695.55
1631.08
1560.28
1735.44
1679.71
1021.28
1307.03
1878.76
1301.93
1697.85
1155.39
1561.95
1457.72
902.11
1311.56
1247.68
1184.65
1569.00
1429.95
1231.87
1415.11
1077.79
993.12
1265.10
1415.49
1164.81
1226.69
1152.87
1067.06
1312.67
1061.83
1289.69
393.82
1618.94
1206.44
965.60
1869.00
1107.83
1770.24
1377.04
1251.53
1535.68
964.27
1166.32
1538.28
1710.93
1628.10
974.83
1311.46
1167.78
1692.78
728.04
1511.30
1689.88
1153.47
1874.68
1315.55
1131.17
1765.16
1484.02
2084.52
1878.06
1428.11
1351.18
1694.13
976.45
1181.27
1045.67
1800.33
977.82
451.41
887.88
775.99
1385.48
1929.94
1159.77
1302.10
1357.52
987.79
1187.90
1456.38
1558.05
1319.70
1971.82
800.05
1555.70
1050.00
1898.83
1212.75
1398.85
1154.38
1760.70
1393.19
1111.93
1964.53
1682.26
1036.98
1785.79
1623.81
1555.86
1994.04
1647.45
1218.40
1536.67
1537.52
1315.46
1239.56
1634.22
1444.00
1556.82
1671.93
1741.51
1430.83
2006.44
1826.79
1059.41
1425.56
1700.01
1511.98
759.08
1041.73
824.41
1861.56
1038.44
1163.15
1857.15
1099.12
1485.07
1286.74
1644.21
750.30
1170.20
1507.45
1495.93
839.25
1016.26
1763.10
1513.97
1743.87
1766.92
1426.75
827.89
1804.61
1502.09
1180.30
1877.96
1404.57
1846.63
1131.07
1295.08
1643.42
1833.64
1658.91
957.03
1572.32
1087.62
1733.20
1869.58
1559.80
1342.92
1503.75
1636.42
1115.05
1008.98
1423.24
894.49
1830.05
1108.18
1529.81
1362.80
1303.36
1469.57
1524.62
1210.34
1167.40
1726.46
1963.66
1392.80
1037.30
1240.12
1397.90
2027.09
986.33
1655.87
1478.76
1899.65
534.27
1868.37
990.63
1067.69
1264.04
1347.51
1473.67
974.94
1132.92
1258.75
961.60
1509.66
1619.99
1524.85
1521.41
661.03
1128.13
988.98
2009.70
1519.89
1537.15
1225.11
1026.01
1607.28
1189.52
1405.11
1009.45
1317.63
1412.88
1513.07
1757.51
1956.01
1078.95
1278.43
1479.40
1457.47
1152.63
1760.98
953.93
989.54
1597.55
1504.79
1340.02
981.72
1228.82
1577.23
877.05
1329.60
1341.57
1173.87
1616.60
1345.98
1981.63
1186.92
1386.10
1573.23
471.85
1104.93
1226.53
1656.84
1708.44
847.51
762.52
1296.46
1601.98
1839.64
1490.27
1830.67
1836.75
1333.16
1204.38
1705.42
1546.39
1414.41
1432.47
1336.13
1985.97
788.62
1437.74
1466.15
1459.72
1465.61
1040.81
1504.72
1835.23
1244.39
1432.14
1204.70
1536.82
1165.59
979.00
1031.78
1315.40
1294.48
1467.52
1410.42
1986.81
1172.29
1442.13
921.92
1298.07
1160.93
1341.08
1492.97
1088.73
890.78
1478.71
969.75
1563.36
1224.32
1123.67
1732.84
1149.20
1556.99
1593.66
1099.35
1463.44
1449.01
1108.94
1497.65
1031.22
938.15
1149.67
770.04
2050.48
1718.30
1204.94
1460.36
483.93
1160.88
1262.12
1319.36
1382.78
1842.69
1297.96
1271.92
1330.21
1870.11
1678.11
1638.28
1321.44
1357.55
1483.27
1704.18
1536.02
1311.88
1585.18
820.26
1585.52
1092.76
1263.70
1995.19
1735.02
1640.73
1453.18
1594.80
1209.65
1054.32
1585.27
1459.56
1231.92
748.06
1253.95
1588.23
1233.24
1424.33
1705.97
1657.54
409.72
1440.00
2048.54
1894.31
1114.04
1446.23
1243.34
1620.46
1325.89
1852.05
1455.18
1543.52
835.01
1521.85
1312.81
959.56
1526.39
327.62
1712.58
980.00
1045.68
896.52
1143.52
1800.62
1437.38
1738.00
1620.72
925.11
1707.02
1477.56
1825.39
801.94
1026.76
1242.28
1410.27
1460.31
1028.99
1508.15
1883.05
914.17
1133.48
993.21
1491.54
1527.79
1514.84
1913.19
1476.05
1475.25
805.70
892.63
1617.83
1984.48
1647.88
1881.96
1157.63
1403.82
523.82
1972.72
1146.18
1226.91
1340.32
1767.91
1035.75
1699.55
1509.59
1442.31
1743.00
1231.77
1383.38
1263.51
1782.58
857.03
1196.94
1697.98
1579.84
908.67
1526.65
1581.20
1525.52
1696.29
1907.38
1295.52
941.81
1626.77
1108.40
1424.17
1158.19
691.19
1287.01
1269.68
1157.20
1366.20
1888.48
1366.78
1152.23
1432.59
1481.05
1366.07
1275.62
1915.53
1562.13
1522.96
1617.81
1480.61
1810.18
1515.74
1848.47
1593.35
1291.09
1572.10
1404.55
1337.20
1698.13
1331.41
1557.94
1506.46
1696.04
1836.60
912.78
1547.93
920.79
1603.86
1707.01
1573.91
1129.01
849.87
1260.49
1521.38
746.93
1500.06
1844.46
1972.41
1421.58
1873.62
900.16
1326.05
1241.63
1430.62
1196.56
1280.91
1365.10
1493.87
1382.00
888.91
1359.79
1323.18
1344.25
1830.38
1620.41
1469.78
1632.65
1612.33
1489.75
1180.06
592.03
1413.48
1409.45
1777.43
1055.34
1213.63
1690.27
827.78
1415.51
1322.07
1189.44
1324.28
1786.74
1111.39
1962.42
1845.64
1108.38
1357.82
1162.94
954.72
1468.56
960.75
1863.92
1600.15
1524.40
1092.66
1711.15
515.57
1735.64
1323.36
1422.04
1333.02
1102.70
1116.33
1456.46
1138.88
1294.28
1649.01
951.27
1498.95
862.53
782.18
1568.64
1635.43
1402.29
1269.37
1635.54
1309.49
1958.68
1406.82
1569.07
1557.80
705.50
1567.18
977.69
1423.18
1843.98
870.35
1045.47
1129.05
1498.51
1949.15
1321.18
1901.77
1442.11
1460.76
1892.11
925.07
1792.91
1124.40
1277.92
1365.19
972.11
1794.40
1121.23
1150.02
1814.71
1445.64
1169.06
1680.60
1933.65
1333.78
1609.15
1258.85
1273.21
1398.03
1284.76
1134.99
1898.23
1668.84
1354.83
959.85
1055.54
1488.80
1618.39
1183.38
1349.46
1662.89
2056.88
1076.86
1710.99
1594.58
937.68
562.96
1576.32
1360.07
1191.55
1192.46
857.30
1394.52
1321.45
889.92
1523.27
1584.11
1223.60
1229.50
1503.58
1290.26
1314.91
1499.32
1136.37
1114.63
880.60
1371.97
1414.17
1922.26
1649.04
1939.20
948.31
1744.43
1509.23
1044.43
1023.52
1866.82
867.67
1505.77
1279.08
1886.26
1507.68
1242.88
1276.60
1793.45
1084.45
1006.12
1273.92
1480.44
1283.26
1295.63
1396.39
1369.90
1655.24
1305.65
1442.70
1848.57
1621.17
1337.18
420.52
529.00
1726.03
1662.36
987.28
1816.26
1173.48
1366.35
916.72
1272.07
873.28
2009.07
1077.65
1587.63
1294.95
887.42
1533.20
767.92
812.29
1495.30
1592.80
1535.06
1097.08
1788.63
1355.56
701.82
1845.04
1926.31
854.68
1798.66
1489.99
2033.55
1262.72
1773.77
1090.49
1315.61
1110.82
1436.46
1429.28
1512.88
1453.88
1288.53
855.21
1034.73
1432.89
1401.33
1749.73
1704.37
1377.88
955.34
1462.86
1317.44
1078.44
1541.95
1066.04
1375.05
1576.78
1311.48
1469.00
1747.72
941.37
962.89
1798.99
1250.71
1714.54
1256.48
1083.59
1640.23
1377.75
1398.98
1686.06
1653.76
1230.35
384.50
1910.55
1361.04
1689.82
1425.91
1185.33
1209.73
1818.91
1648.13
1433.94
1515.29
1673.22
1002.98
1618.27
1577.13
1027.94
1666.48
1841.39
1624.68
1556.70
1492.07
1495.52
706.41
1573.43
1223.50
1042.21
1181.31
1619.86
1925.24
1312.33
781.71
1542.91
1013.22
1380.03
1472.69
1243.16
1061.33
986.93
1461.32
1181.29
1505.11
1434.85
1237.55
729.90
1540.77
1187.52
1371.82
894.97
1427.94
1238.13
1885.79
1191.12
1508.06
1385.84
2051.57
1748.59
1267.66
1515.51
948.38
1791.41
1266.69
1219.82
1507.03
1269.84
1403.06
1098.20
1485.32
1268.90
973.33
1917.37
1352.84
1485.29
1139.07
1580.77
1221.99
1954.16
1463.34
1747.25
1645.29
1624.63
1662.33
1051.32
1494.31
1032.34
997.34
1205.42
1192.87
983.13
1747.04
1722.81
1192.90
1184.14
1025.83
1545.83
1955.63
1607.71
871.42
1043.83
1250.06
1371.77
1323.45
1456.49
1678.52
1389.52
524.15
1123.27
1519.84
1338.89
1495.59
1098.32
1724.68
1702.72
1343.85
775.62
2040.45
1116.04
1661.00
1434.19
1075.51
1861.00
1460.62
1611.79
1893.14
480.22
1078.78
569.69
1636.45
883.88
1102.55
1568.61
1745.13
967.12
1271.53
1515.17
1823.39
1828.25
580.37
1210.66
1149.82
1971.34
529.79
1851.50
1681.29
1929.69
768.97
1665.32
1108.53
1367.84
981.83
1566.19
1110.12
1246.79
1346.72
1580.60
1249.71
1356.31
353.95
1572.84
1421.14
1378.11
1295.92
874.18
1207.28
1341.49
1366.34
1367.94
1252.97
1356.88
1401.80
1038.42
1572.36
1381.77
1552.83
1202.20
1378.89
1806.34
1727.66
1338.62
1335.89
851.39
1240.85
980.62
926.21
1326.50
1122.95
1715.70
1577.74
1250.35
1674.51
1283.45
1916.12
1186.02
1098.45
1212.28
850.06
1273.99
1356.13
1428.35
1660.97
1166.86
1125.34
1308.24
1270.20
836.16
1516.76
1301.44
1219.45
1618.26
1956.73
1103.14
1234.44
1032.37
1414.40
1533.61
1204.89
770.04
873.86
1811.15
1416.65
1762.93
1381.10
1034.55
1975.23
1501.92
1489.50
1257.70
1496.15
1506.37
1388.33
1098.19
1204.51
1469.38
1114.89
1488.14
1404.38
1156.49
1026.95
1243.55
966.10
1328.67
1414.56
1658.95
1306.21
605.59
1789.23
1211.22
1553.45
1433.52
1667.47
1406.72
1039.12
1273.14
1472.72
1585.74
1046.41
1344.78
1766.80
1768.70
1649.87
1504.78
1751.43
1536.72
1790.48
1361.32
1354.23
1303.40
1699.80
1608.46
1276.19
1309.67
851.20
1361.43
857.21
1297.10
1913.18
1201.37
1705.46
1729.04
1366.11
1253.15
1135.04
1433.34
2016.57
458.98
833.73
1245.99
1172.16
1522.78
1372.72
1425.37
875.73
938.20
1200.16
1636.17
1700.80
1723.99
1347.70
1462.71
1627.05
1328.70
1898.75
1157.57
1494.23
773.52
1029.30
1307.20
1016.33
1221.48
1326.64
1364.98
1468.44
1623.96
1667.56
969.07
1508.78
1497.88
1186.55
1654.62
1666.29
1485.30
1069.04
1073.75
1566.55
770.98
1407.66
901.20
1211.42
1564.15
1466.51
1207.31
935.81
1051.98
1542.58
1149.08
1219.41
1262.02
1796.95
1519.85
1359.26
1410.58
940.80
1256.84
806.60
1549.24
1021.33
986.44
1642.09
1979.39
1125.89
1966.64
1191.44
1464.93
1268.44
1234.35
1404.52
1155.25
1046.24
1619.88
1119.08
1379.41
1929.05
1409.20
1284.36
1670.53
1582.31
1955.97
1366.67
1174.51
1479.73
1632.93
1377.13
1383.98
1658.47
942.73
650.16
1266.08
1358.78
1075.35
1194.41
1391.74
1104.44
1241.30
1488.24
1169.09
1412.07
1312.33
1303.63
1587.40
1780.46
1521.32
1315.79
1517.53
1832.77
1574.93
1788.96
1855.24
1591.89
1779.87
1196.61
1529.24
1474.21
1331.29
1394.01
1429.31
1396.01
1621.53
1105.79
1675.75
1260.88
1289.17
1312.33
1800.21
1557.21
1384.78
1755.08
1260.80
1461.22
1082.91
480.28
1272.43
1299.09
1532.73
1237.13
1380.64
971.33
955.67
892.21
1209.21
1505.40
1891.71
1298.22
1336.66
1014.87
1648.53
716.56
1321.21
1138.78
1297.37
1151.99
1700.98
1811.02
1186.70
1850.77
1049.18
1183.73
1947.56
1624.42
1321.45
1407.77
1534.15
1272.55
1849.61
1613.90
1178.76
1696.90
2039.93
1763.48
1314.82
1220.15
1237.02
1562.11
1148.31
1416.72
1232.03
1183.55
750.16
1777.25
1585.82
960.37
1337.88
1239.20
1228.79
1215.21
1670.55
1273.03
983.17
1477.18
1631.98
827.85
761.25
802.98
1795.74
1463.67
1570.45
1796.74
1110.21
1737.88
1492.36
1466.44
1597.15
1744.47
1575.69
1414.83
1298.93
918.99
1154.76
1547.34
1360.16
1626.75
1182.00
1275.81
1684.24
1579.91
1638.07
1952.63
1646.97
1549.79
1286.60
2010.28
1852.72
1272.21
1130.71
855.63
1423.87
1123.08
1597.39
1334.79
701.78
1060.91
1255.59
1459.31
1595.40
938.84
393.65
1722.92
1045.16
1551.92
1345.34
1560.39
1342.18
1136.09
1151.34
1488.22
1506.95
1490.51
728.71
1463.95
1665.56
1473.50
1590.74
1302.09
1495.28
1250.05
1372.18
1620.72
1269.64
776.63
925.57
1924.98
1060.79
940.89
1186.87
1285.02
1732.95
1569.02
1599.26
1659.30
1632.19
1143.19
1926.93
1638.71
1455.86
1535.93
1362.00
1527.31
1254.38
1275.51
1491.34
1354.17
1200.37
1550.08
1579.51
1255.74
1639.31
1814.41
797.89
1010.37
1706.80
1137.92
1414.52
1653.64
1444.15
1116.68
1098.34
1740.25
1255.29
1141.59
1800.55
1347.09
1792.16
1567.61
1615.39
1153.63
1362.42
1767.64
1788.02
1822.55
1246.86
793.46
805.05
1633.32
964.13
1121.57
1763.49
1225.00
1488.79
1413.94
1550.43
1916.34
1596.66
1173.77
1412.82
1677.41
1343.17
1052.05
972.98
1117.55
1715.99
1656.06
949.25
1493.80
1375.66
1496.85
1043.30
1614.01
2027.97
1623.92
1360.88
1978.06
1167.79
1012.57
724.58
1455.44
1267.78
1206.79
1499.45
1640.82
1838.27
1748.12
1497.53
1439.14
1146.76
1197.11
1676.40
1754.36
1913.89
855.22
1088.27
1595.56
1416.56
1150.19
1498.82
906.83
1710.41
1332.18
1258.46
1426.60
655.50
904.70
1226.86
1591.04
1260.75
1055.54
1315.94
1427.22
1309.92
852.36
1351.83
1046.38
1323.52
1161.91
1732.58
1184.11
1769.96
1876.59
1297.34
1456.79
1790.21
1358.13
1697.52
801.22
764.34
2032.34
1216.59
1450.46
1196.49
1187.45
404.24
728.67
1422.49
1400.58
1997.42
1881.02
649.08
1048.49
541.45
1477.53
1008.57
1482.03
1176.84
1812.81
1754.03
664.69
442.18
1185.04
1443.81
1397.04
1480.84
1143.94
1625.69
1014.36
1859.93
1452.78
1099.72
1069.79
1123.96
1285.76
1702.24
1149.35
1447.58
1404.78
1349.56
885.65
1068.00
1125.62
1364.19
1155.59
1392.09
1031.80
1546.39
956.35
1194.73
1396.60
1424.95
1856.83
1644.83
1549.66
1136.25
1529.60
895.48
1337.30
1285.69
1219.36
1138.99
1307.20
1156.73
1043.43
1376.81
1548.71
1703.23
1879.89
1513.99
975.87
1580.60
913.30
1581.83
1761.51
1537.32
1466.17
1053.06
1402.50
1466.91
1700.53
1538.52
1724.13
1782.43
947.64
1507.63
1422.35
1563.61
1067.06
1042.29
1077.34
1281.44
2017.09
969.72
1367.66
1433.80
1086.54
733.18
1475.11
1151.77
760.78
766.92
780.91
1238.33
1441.98
1659.37
1770.93
988.17
1607.65
1098.29
905.00
1508.12
1377.12
1161.98
1449.97
1310.81
1290.29
1512.72
1311.14
1220.79
1473.02
1227.66
1394.47
1421.13
1156.09
755.64
746.07
1182.26
862.40
819.39
1168.05
1489.94
1114.12
1000.58
1451.77
967.15
1270.62
1544.69
1636.15
1361.73
1020.57
1291.15
1626.17
1578.59
1325.53
1599.24
1544.02
1484.21
1905.98
1134.31
1527.94
1168.37
1663.25
1111.83
1269.84
1592.76
1294.69
1620.84
1768.80
1854.42
1896.02
1502.19
1452.49
1313.99
1495.59
1478.25
551.13
1122.57
1718.47
2074.13
1689.44
1773.25
1242.36
1042.19
1273.86
1625.17
1630.29
1323.78
718.65
1566.03
809.65
1529.43
1766.13
1418.49
1328.95
1200.59
861.70
1446.59
290.81
1443.75
1288.45
1409.13
2003.87
1392.74
801.83
967.39
1648.12
1090.45
1482.57
1524.53
1455.27
1327.04
811.01
809.61
1564.29
1222.73
1463.13
1830.60
1234.23
1133.26
1894.04
1059.95
1168.97
1157.15
1357.12
1368.55
938.97
1718.34
1470.98
1190.19
645.44
1334.02
1428.36
1234.06
1369.01
1823.74
1215.39
893.18
1229.65
1081.12
1824.77
1065.86
991.24
1778.95
1843.73
1623.00
1153.66
1081.62
872.89
1656.44
1588.69
1386.56
615.28
1484.12
1649.11
1761.79
1359.68
1612.26
1279.24
750.53
1571.10
1531.52
1463.87
896.52
1027.48
636.55
1356.95
865.33
1629.49
1334.72
1424.38
1018.33
1136.78
1108.80
1358.39
2044.62
1496.56
834.44
1399.56
1241.32
1246.53
1486.28
1253.58
1578.38
1202.94
1269.14
1732.97
1379.19
1168.70
1529.46
1990.60
1452.69
1276.64
1578.88
1420.82
1110.53
1504.81
1008.82
1381.95
952.94
1420.43
1296.75
1311.77
1385.24
978.99
1433.96
1960.73
1086.89
1842.03
1296.03
1389.29
1055.02
1541.90
1933.93
1490.47
875.28
1305.12
1282.88
1029.03
1761.14
1273.25
1525.46
1252.54
1334.87
1132.19
1415.95
1522.85
1740.29
1267.23
1323.62
1568.52
847.90
1672.19
1821.68
1651.23
1708.07
1668.44
1327.70
1770.35
557.31
645.98
1147.34
1106.89
997.77
1811.26
1526.74
493.94
1232.37
1722.47
1195.95
212.03
1132.84
1350.84
1779.85
1956.49
1840.59
1715.36
1832.50
1040.18
1629.33
1285.23
1416.59
873.87
926.39
994.26
1475.09
1415.14
959.67
703.44
1352.26
1542.45
1409.71
1750.05
1442.29
1936.83
1488.33
1243.46
1361.63
1075.07
306.99
859.69
1259.99
813.95
1348.10
1320.53
1605.17
1408.87
1385.85
1163.19
1110.52
910.62
1693.40
1725.46
1516.28
1904.83
1569.63
1341.86
1837.55
1149.92
1158.49
1077.44
1626.89
1261.52
1305.94
1109.92
1854.04
1594.29
1229.25
1489.95
1098.56
1812.54
950.03
1268.87
1559.43
1360.32
1324.48
1385.05
1399.55
1232.24
1123.50
2003.80
1235.26
1093.75
1581.37
1177.66
1602.37
913.09
1691.21
1566.42
838.59
1265.60
1362.65
396.85
513.55
1458.18
455.03
1229.90
1115.66
1461.57
1367.19
1844.10
799.50
1307.02
888.83
1320.51
1327.45
1161.36
1904.97
1767.17
1759.43
1355.59
1328.62
1921.13
1366.31
1361.93
1409.57
1462.42
982.70
1774.97
558.42
1051.34
1202.51
1157.08
1338.20
843.69
1339.26
1926.85
1448.39
1355.61
601.07
1107.38
1389.20
1213.82
1125.01
1012.87
1419.29
1225.67
1982.96
1510.62
1534.60
977.48
1649.82
1678.24
1458.43
1566.66
1844.48
1131.39
1362.03
1258.39
1258.10
2074.39
1754.65
874.92
1245.82
1651.42
915.13
1313.61
961.77
1667.39
1150.00
1433.13
1508.18
1661.71
1936.80
1578.12
508.87
1183.04
1372.63
1456.29
1082.89
1508.28
1356.09
1199.21
1126.13
1972.13
1584.12
1558.32
1811.79
1684.10
1577.11
1131.28
1630.54
1356.97
1454.05
639.13
1585.53
1698.72
1467.78
1431.77
1807.95
966.89
687.03
943.73
1646.86
1201.41
